contractor	job
999	892
59	683
641	261
884	446
133	367
523	926
358	692
369	792
142	272
709	122
437	908
124	510
230	402
179	844
156	890
942	432
206	920
450	226
852	186
45	13
926	351
697	769
92	478
94	316
841	197
220	152
21	801
684	664
287	568
248	960
260	18
6	868
638	915
713	405
673	691
796	246
814	817
185	839
893	331
679	798
732	238
37	711
970	685
42	877
546	651
2	230
38	386
427	588
380	132
864	538
985	837
517	496
811	6
779	882
200	74
130	518
195	625
601	894
189	357
563	697
207	539
357	727
208	505
446	281
335	313
873	970
955	954
726	401
399	104
278	4
361	676
211	849
680	466
525	486
643	462
535	333
291	791
431	42
538	732
163	308
905	705
788	364
244	983
368	503
354	606
235	843
895	586
232	859
804	266
928	306
615	488
613	9
652	740
131	806
126	734
872	345
16	895
356	879
493	762
650	903
82	117
479	54
43	717
729	436
707	410
932	249
875	857
132	707
691	626
600	589
751	262
44	40
293	383
952	452
95	161
562	770
589	289
74	34
738	886
698	353
712	570
100	607
534	138
187	980
416	356
219	578
986	772
991	57
553	319
959	234
465	482
558	765
153	63
144	286
756	599
943	596
408	311
316	137
596	193
266	862
1	851
533	615
634	976
470	591
837	713
576	145
107	275
245	77
862	304
565	812
536	800
482	561
882	699
419	252
795	464
490	204
568	931
739	830
449	79
504	515
998	922
747	303
242	35
793	501
671	470
313	414
403	29
507	273
115	525
828	529
157	820
46	267
342	795
61	573
426	133
790	565
181	62
954	169
299	845
307	780
609	382
524	128
390	822
639	775
514	107
687	82
685	941
900	47
655	172
584	885
188	465
50	831
769	758
714	22
85	102
28	722
91	463
17	225
223	783
734	278
764	93
117	907
539	419
360	925
798	449
695	757
802	536
834	934
5	421
548	341
716	726
617	704
451	330
870	982
827	190
550	560
77	101
499	911
283	761
624	846
611	131
90	555
214	297
569	349
320	327
727	66
625	378
68	476
27	499
478	547
488	108
234	943
682	141
110	932
30	537
951	113
990	716
137	344
243	41
866	720
724	302
325	661
702	552
452	111
731	508
86	443
776	110
766	959
651	315
913	698
128	852
12	942
515	526
704	296
138	793
800	479
821	867
831	45
833	14
276	210
247	346
549	829
992	149
394	23
635	291
103	611
72	703
321	826
79	288
353	950
62	130
783	916
730	196
909	265
949	430
945	712
735	12
946	180
102	511
677	32
618	996
176	60
594	906
261	292
759	387
508	285
73	418
158	670
935	656
384	700
152	392
628	424
298	965
75	600
375	185
222	309
439	766
262	668
393	33
997	610
889	174
883	984
782	224
957	472
169	326
750	219
436	768
836	96
456	448
480	969
225	937
487	65
462	192
857	533
573	665
616	823
296	693
486	50
661	75
400	343
180	332
267	469
304	175
582	945
907	677
477	334
812	67
699	553
184	407
292	850
285	71
675	325
11	171
340	946
710	875
492	242
853	816
901	233
461	235
489	166
348	27
981	457
218	70
312	423
631	803
15	227
737	540
923	453
8	375
196	675
240	899
678	660
60	450
934	616
215	156
669	566
118	187
327	3
690	271
273	832
459	209
692	639
397	968
58	584
505	51
941	985
149	129
646	572
106	114
527	146
516	781
501	898
880	995
289	388
460	575
464	767
434	359
99	115
953	348
856	358
381	363
733	49
863	112
290	646
752	415
768	953
545	924
155	475
664	376
1000	708
411	251
197	688
55	764
518	458
572	738
392	755
343	904
471	609
666	5
620	489
438	789
663	61
34	502
148	368
96	467
350	987
122	736
789	896
874	99
608	973
644	940
743	350
696	650
580	640
47	459
835	535
585	788
822	977
422	425
344	177
894	684
619	514
310	80
711	328
694	427
221	21
899	796
104	8
627	105
469	389
914	750
64	321
174	471
279	548
571	774
331	168
554	203
910	301
83	680
227	162
4	516
842	280
820	778
683	451
168	951
555	393
982	95
728	307
969	191
253	686
57	569
806	592
333	30
937	672
858	103
964	905
226	485
423	936
927	318
592	284
791	139
167	695
556	468
843	342
268	997
921	144
854	748
430	347
444	993
512	100
160	597
372	613
859	87
31	205
721	799
958	480
846	416
217	17
135	990
736	293
363	602
794	902
745	20
898	802
22	277
829	587
119	507
754	811
579	94
20	366
774	412
922	719
241	239
803	126
472	55
746	445
777	437
186	622
962	213
975	551
324	257
202	19
337	773
463	295
309	517
780	283
281	258
825	729
987	756
300	208
491	298
498	935
140	901
807	542
977	26
41	854
911	754
667	300
705	512
18	604
67	745
455	582
371	827
583	662
662	444
503	16
877	891
341	119
88	847
414	629
272	385
706	947
850	961
993	549
593	78
194	370
203	863
238	709
251	939
417	871
640	909
123	37
334	918
976	519
559	855
48	666
591	975
513	232
447	312
141	433
676	658
925	201
885	506
929	151
720	746
29	809
139	178
809	396
653	913
26	962
902	673
956	336
840	127
916	617
897	821
305	520
537	638
164	206
607	921
346	237
906	647
306	813
387	68
473	147
657	441
602	678
725	620
879	682
311	958
116	215
723	967
810	59
108	723
502	978
190	659
377	631
761	715
359	202
458	919
824	562
588	125
391	636
120	654
349	248
314	200
622	461
506	927
199	914
448	912
495	741
915	120
401	76
668	25
845	923
445	195
762	490
715	374
105	329
595	621
347	828
413	825
71	170
317	86
717	429
860	702
979	649
693	198
950	858
606	687
424	243
433	999
409	310
70	299
659	624
7	663
51	861
440	948
947	642
364	394
24	360
154	785
428	276
978	323
995	933
9	136
98	860
385	355
660	522
965	270
742	619
861	838
161	495
656	667
967	56
786	143
345	689
454	399
521	585
76	623
81	753
257	594
920	148
121	408
192	98
280	247
701	884
389	929
14	140
362	763
708	395
817	92
231	532
672	340
25	737
182	500
396	150
670	874
630	228
939	380
441	574
557	840
522	456
53	352
421	956
543	492
718	669
352	46
741	653
210	2
610	790
63	910
865	632
329	955
805	598
468	701
658	290
966	179
109	473
578	339
785	752
896	218
263	635
637	779
23	320
322	864
481	743
236	167
904	944
395	373
577	314
466	431
815	605
418	545
173	841
642	528
52	794
760	504
797	630
519	157
763	155
407	487
66	31
566	263
376	571
598	241
647	694
40	256
270	24
551	541
483	853
36	294
623	991
509	870
224	420
114	981
265	842
654	212
844	721
326	834
887	379
328	413
35	337
851	159
848	404
19	633
10	124
903	628
379	674
239	72
984	1
319	491
511	807
688	199
336	558
303	819
229	268
78	440
125	181
112	217
162	229
39	747
868	244
968	979
773	543
587	865
818	474
917	153
89	39
101	36
177	627
93	994
603	876
770	361
159	97
908	447
632	583
772	477
586	254
816	681
383	893
605	189
373	527
888	815
402	494
274	164
529	53
839	240
339	735
166	222
69	83
933	706
778	810
302	888
282	784
645	657
626	637
457	544
799	400
412	714
415	123
871	897
989	645
406	207
648	531
474	52
497	641
581	971
649	391
432	530
259	883
111	739
237	992
801	751
54	160
621	523
560	593
249	576
855	614
301	134
781	524
183	749
886	603
771	484
475	521
972	377
410	696
297	483
476	58
876	776
633	250
308	409
532	643
755	497
944	236
849	184
233	900
204	1000
919	439
134	188
838	338
819	786
351	442
201	808
318	887
703	928
590	15
526	255
599	581
531	590
382	728
881	28
878	989
541	73
938	777
87	460
146	183
960	880
912	481
165	546
918	836
277	121
205	381
924	84
386	43
847	428
749	917
269	287
172	564
974	797
564	406
398	231
832	534
530	612
674	390
983	835
175	690
931	949
629	88
442	644
429	279
193	245
485	787
420	384
753	869
250	397
994	878
570	634
787	710
370	165
388	369
973	426
574	563
271	362
84	733
147	214
80	354
830	930
689	322
443	417
867	671
561	579
775	554
367	848
97	873
171	782
500	109
961	557
930	173
294	648
288	371
700	771
295	259
435	988
143	48
365	814
425	44
686	221
170	38
604	282
891	833
56	964
612	718
212	317
338	434
813	274
547	938
784	89
510	253
246	7
520	759
808	305
213	804
127	595
49	435
32	744
275	986
113	998
136	182
258	69
315	106
286	679
378	725
940	498
567	577
129	872
484	957
792	335
826	889
740	652
209	805
767	163
366	567
665	116
996	580
823	90
614	64
722	260
719	455
544	118
542	742
198	655
496	10
748	422
178	269
228	158
150	176
216	818
869	154
948	194
404	513
528	142
256	856
681	972
552	731
757	556
33	952
890	509
355	411
330	730
252	493
636	974
575	454
191	824
65	403
284	365
971	372
936	135
151	963
332	966
980	866
963	881
13	85
254	760
597	608
3	618
892	223
758	264
494	216
467	601
765	724
145	438
255	91
323	324
540	559
453	550
374	211
405	11
744	220
264	398
988	81
